0 	 -2.88766e-08
0.0122959 	 -0.00306795
0.0245917 	 -0.00613588
0.0368876 	 -0.00920375
0.0491834 	 -0.0122715
0.0614793 	 -0.0153392
0.0737752 	 -0.0184067
0.086071 	 -0.0214741
0.0983669 	 -0.0245412
0.110663 	 -0.0276081
0.122959 	 -0.0306748
0.135254 	 -0.0337411
0.14755 	 -0.0368072
0.159846 	 -0.0398729
0.172142 	 -0.0429382
0.184438 	 -0.0460031
0.196734 	 -0.0490676
0.20903 	 -0.0521317
0.221326 	 -0.0551952
0.233621 	 -0.0582582
0.245917 	 -0.0613207
0.258213 	 -0.0643826
0.270509 	 -0.0674439
0.282805 	 -0.0705045
0.295101 	 -0.0735645
0.307397 	 -0.0766238
0.319692 	 -0.0796824
0.331988 	 -0.0827402
0.344284 	 -0.0857972
0.35658 	 -0.0888535
0.368876 	 -0.0919089
0.381172 	 -0.0949634
0.393468 	 -0.0980171
0.405763 	 -0.10107
0.418059 	 -0.104122
0.430355 	 -0.107172
0.442651 	 -0.110222
0.454947 	 -0.113271
0.467243 	 -0.116319
0.479539 	 -0.119365
0.491834 	 -0.122411
0.50413 	 -0.125455
0.516426 	 -0.128498
0.528722 	 -0.13154
0.541018 	 -0.134581
0.553314 	 -0.13762
0.56561 	 -0.140658
0.577905 	 -0.143695
0.590201 	 -0.14673
0.602497 	 -0.149764
0.614793 	 -0.152797
0.627089 	 -0.155828
0.639385 	 -0.158858
0.651681 	 -0.161886
0.663977 	 -0.164913
0.676272 	 -0.167938
0.688568 	 -0.170962
0.700864 	 -0.173984
0.71316 	 -0.177004
0.725456 	 -0.180023
0.737752 	 -0.18304
0.750048 	 -0.186055
0.762343 	 -0.189069
0.774639 	 -0.19208
0.786935 	 -0.19509
0.799231 	 -0.198098
0.811527 	 -0.201104
0.823823 	 -0.204109
0.836119 	 -0.207111
0.848414 	 -0.210112
0.86071 	 -0.21311
0.873006 	 -0.216107
0.885302 	 -0.219101
0.897598 	 -0.222093
0.909894 	 -0.225084
0.92219 	 -0.228072
0.934485 	 -0.231058
0.946781 	 -0.234042
0.959077 	 -0.237023
0.971373 	 -0.240003
0.983669 	 -0.24298
0.995965 	 -0.245955
1.00826 	 -0.248927
1.02056 	 -0.251898
1.03285 	 -0.254865
1.04515 	 -0.257831
1.05744 	 -0.260794
1.06974 	 -0.263754
1.08204 	 -0.266713
1.09433 	 -0.269668
1.10663 	 -0.272621
1.11892 	 -0.275572
1.13122 	 -0.278519
1.14352 	 -0.281465
1.15581 	 -0.284407
1.16811 	 -0.287347
1.1804 	 -0.290284
1.1927 	 -0.293219
1.20499 	 -0.296151
1.21729 	 -0.29908
1.22959 	 -0.302006
1.24188 	 -0.304929
1.25418 	 -0.307849
1.26647 	 -0.310767
1.27877 	 -0.313681
1.29107 	 -0.316593
1.30336 	 -0.319502
1.31566 	 -0.322407
1.32795 	 -0.32531
1.34025 	 -0.32821
1.35254 	 -0.331106
1.36484 	 -0.333999
1.37714 	 -0.33689
1.38943 	 -0.339777
1.40173 	 -0.34266
1.41402 	 -0.345541
1.42632 	 -0.348418
1.43862 	 -0.351292
1.45091 	 -0.354163
1.46321 	 -0.357031
1.4755 	 -0.359895
1.4878 	 -0.362755
1.5001 	 -0.365613
1.51239 	 -0.368467
1.52469 	 -0.371317
1.53698 	 -0.374164
1.54928 	 -0.377007
1.56157 	 -0.379847
1.57387 	 -0.382683
1.58617 	 -0.385516
1.59846 	 -0.388345
1.61076 	 -0.39117
1.62305 	 -0.393992
1.63535 	 -0.39681
1.64765 	 -0.399624
1.65994 	 -0.402434
1.67224 	 -0.405241
1.68453 	 -0.408044
1.69683 	 -0.410843
1.70912 	 -0.413638
1.72142 	 -0.416429
1.73372 	 -0.419217
1.74601 	 -0.422
1.75831 	 -0.424779
1.7706 	 -0.427555
1.7829 	 -0.430326
1.7952 	 -0.433093
1.80749 	 -0.435857
1.81979 	 -0.438616
1.83208 	 -0.441371
1.84438 	 -0.444122
1.85668 	 -0.446868
1.86897 	 -0.449611
1.88127 	 -0.452349
1.89356 	 -0.455083
1.90586 	 -0.457813
1.91815 	 -0.460538
1.93045 	 -0.463259
1.94275 	 -0.465976
1.95504 	 -0.468688
1.96734 	 -0.471396
1.97963 	 -0.4741
1.99193 	 -0.476799
2.00423 	 -0.479493
2.01652 	 -0.482183
2.02882 	 -0.484869
2.04111 	 -0.48755
2.05341 	 -0.490226
2.0657 	 -0.492898
2.078 	 -0.495565
2.0903 	 -0.498227
2.10259 	 -0.500885
2.11489 	 -0.503538
2.12718 	 -0.506186
2.13948 	 -0.50883
2.15178 	 -0.511468
2.16407 	 -0.514102
2.17637 	 -0.516731
2.18866 	 -0.519356
2.20096 	 -0.521975
2.21326 	 -0.524589
2.22555 	 -0.527199
2.23785 	 -0.529803
2.25014 	 -0.532403
2.26244 	 -0.534997
2.27473 	 -0.537587
2.28703 	 -0.540171
2.29933 	 -0.54275
2.31162 	 -0.545325
2.32392 	 -0.547894
2.33621 	 -0.550458
2.34851 	 -0.553016
2.36081 	 -0.55557
2.3731 	 -0.558118
2.3854 	 -0.560661
2.39769 	 -0.563199
2.40999 	 -0.565731
2.42228 	 -0.568259
2.43458 	 -0.57078
2.44688 	 -0.573297
2.45917 	 -0.575808
2.47147 	 -0.578313
2.48376 	 -0.580814
2.49606 	 -0.583308
2.50836 	 -0.585797
2.52065 	 -0.588281
2.53295 	 -0.590759
2.54524 	 -0.593232
2.55754 	 -0.595699
2.56984 	 -0.59816
2.58213 	 -0.600616
2.59443 	 -0.603066
2.60672 	 -0.605511
2.61902 	 -0.607949
2.63131 	 -0.610382
2.64361 	 -0.61281
2.65591 	 -0.615231
2.6682 	 -0.617647
2.6805 	 -0.620057
2.69279 	 -0.622461
2.70509 	 -0.624859
2.71739 	 -0.627251
2.72968 	 -0.629638
2.74198 	 -0.632018
2.75427 	 -0.634393
2.76657 	 -0.636761
2.77886 	 -0.639124
2.79116 	 -0.641481
2.80346 	 -0.643831
2.81575 	 -0.646176
2.82805 	 -0.648514
2.84034 	 -0.650846
2.85264 	 -0.653172
2.86494 	 -0.655492
2.87723 	 -0.657806
2.88953 	 -0.660114
2.90182 	 -0.662415
2.91412 	 -0.66471
2.92642 	 -0.666999
2.93871 	 -0.669282
2.95101 	 -0.671558
2.9633 	 -0.673828
2.9756 	 -0.676092
2.98789 	 -0.67835
3.00019 	 -0.6806
3.01249 	 -0.682845
3.02478 	 -0.685083
3.03708 	 -0.687315
3.04937 	 -0.68954
3.06167 	 -0.691759
3.07397 	 -0.693971
3.08626 	 -0.696177
3.09856 	 -0.698376
3.11085 	 -0.700568
3.12315 	 -0.702754
3.13544 	 -0.704934
3.14774 	 -0.707106
3.16004 	 -0.709272
3.17233 	 -0.711432
3.18463 	 -0.713584
3.19692 	 -0.71573
3.20922 	 -0.717869
3.22152 	 -0.720002
3.23381 	 -0.722128
3.24611 	 -0.724247
3.2584 	 -0.726359
3.2707 	 -0.728464
3.283 	 -0.730562
3.29529 	 -0.732654
3.30759 	 -0.734738
3.31988 	 -0.736816
3.33218 	 -0.738887
3.34447 	 -0.740951
3.35677 	 -0.743007
3.36907 	 -0.745057
3.38136 	 -0.7471
3.39366 	 -0.749136
3.40595 	 -0.751165
3.41825 	 -0.753186
3.43055 	 -0.755201
3.44284 	 -0.757208
3.45514 	 -0.759209
3.46743 	 -0.761202
3.47973 	 -0.763188
3.49202 	 -0.765167
3.50432 	 -0.767138
3.51662 	 -0.769103
3.52891 	 -0.77106
3.54121 	 -0.77301
3.5535 	 -0.774952
3.5658 	 -0.776888
3.5781 	 -0.778816
3.59039 	 -0.780737
3.60269 	 -0.78265
3.61498 	 -0.784556
3.62728 	 -0.786455
3.63958 	 -0.788346
3.65187 	 -0.79023
3.66417 	 -0.792106
3.67646 	 -0.793975
3.68876 	 -0.795836
3.70105 	 -0.79769
3.71335 	 -0.799537
3.72565 	 -0.801376
3.73794 	 -0.803207
3.75024 	 -0.805031
3.76253 	 -0.806847
3.77483 	 -0.808656
3.78713 	 -0.810457
3.79942 	 -0.81225
3.81172 	 -0.814036
3.82401 	 -0.815814
3.83631 	 -0.817584
3.8486 	 -0.819347
3.8609 	 -0.821102
3.8732 	 -0.822849
3.88549 	 -0.824589
3.89779 	 -0.82632
3.91008 	 -0.828044
3.92238 	 -0.829761
3.93468 	 -0.831469
3.94697 	 -0.83317
3.95927 	 -0.834862
3.97156 	 -0.836547
3.98386 	 -0.838224
3.99616 	 -0.839893
4.00845 	 -0.841554
4.02075 	 -0.843208
4.03304 	 -0.844853
4.04534 	 -0.84649
4.05763 	 -0.84812
4.06993 	 -0.849741
4.08223 	 -0.851355
4.09452 	 -0.85296
4.10682 	 -0.854557
4.11911 	 -0.856147
4.13141 	 -0.857728
4.14371 	 -0.859301
4.156 	 -0.860866
4.1683 	 -0.862423
4.18059 	 -0.863972
4.19289 	 -0.865513
4.20518 	 -0.867046
4.21748 	 -0.86857
4.22978 	 -0.870086
4.24207 	 -0.871594
4.25437 	 -0.873094
4.26666 	 -0.874586
4.27896 	 -0.876069
4.29126 	 -0.877545
4.30355 	 -0.879012
4.31585 	 -0.88047
4.32814 	 -0.881921
4.34044 	 -0.883363
4.35274 	 -0.884796
4.36503 	 -0.886222
4.37733 	 -0.887639
4.38962 	 -0.889048
4.40192 	 -0.890448
4.41421 	 -0.89184
4.42651 	 -0.893224
4.43881 	 -0.894599
4.4511 	 -0.895966
4.4634 	 -0.897324
4.47569 	 -0.898674
4.48799 	 -0.900015
4.50029 	 -0.901348
4.51258 	 -0.902673
4.52488 	 -0.903989
4.53717 	 -0.905296
4.54947 	 -0.906595
4.56176 	 -0.907885
4.57406 	 -0.909167
4.58636 	 -0.910441
4.59865 	 -0.911705
4.61095 	 -0.912961
4.62324 	 -0.914209
4.63554 	 -0.915448
4.64784 	 -0.916678
4.66013 	 -0.9179
4.67243 	 -0.919113
4.68472 	 -0.920318
4.69702 	 -0.921513
4.70932 	 -0.9227
4.72161 	 -0.923879
4.73391 	 -0.925049
4.7462 	 -0.92621
4.7585 	 -0.927362
4.77079 	 -0.928505
4.78309 	 -0.92964
4.79539 	 -0.930766
4.80768 	 -0.931884
4.81998 	 -0.932992
4.83227 	 -0.934092
4.84457 	 -0.935183
4.85687 	 -0.936265
4.86916 	 -0.937338
4.88146 	 -0.938403
4.89375 	 -0.939458
4.90605 	 -0.940505
4.91834 	 -0.941543
4.93064 	 -0.942572
4.94294 	 -0.943593
4.95523 	 -0.944604
4.96753 	 -0.945607
4.97982 	 -0.9466
4.99212 	 -0.947585
5.00442 	 -0.948561
5.01671 	 -0.949527
5.02901 	 -0.950485
5.0413 	 -0.951434
5.0536 	 -0.952374
5.0659 	 -0.953305
5.07819 	 -0.954227
5.09049 	 -0.95514
5.10278 	 -0.956045
5.11508 	 -0.95694
5.12737 	 -0.957826
5.13967 	 -0.958703
5.15197 	 -0.959571
5.16426 	 -0.96043
5.17656 	 -0.96128
5.18885 	 -0.962121
5.20115 	 -0.962953
5.21345 	 -0.963775
5.22574 	 -0.964589
5.23804 	 -0.965394
5.25033 	 -0.966189
5.26263 	 -0.966976
5.27492 	 -0.967753
5.28722 	 -0.968521
5.29952 	 -0.96928
5.31181 	 -0.97003
5.32411 	 -0.970771
5.3364 	 -0.971503
5.3487 	 -0.972226
5.361 	 -0.972939
5.37329 	 -0.973643
5.38559 	 -0.974339
5.39788 	 -0.975025
5.41018 	 -0.975701
5.42247 	 -0.976369
5.43477 	 -0.977027
5.44707 	 -0.977677
5.45936 	 -0.978317
5.47166 	 -0.978947
5.48395 	 -0.979569
5.49625 	 -0.980181
5.50855 	 -0.980785
5.52084 	 -0.981378
5.53314 	 -0.981963
5.54543 	 -0.982539
5.55773 	 -0.983105
5.57003 	 -0.983662
5.58232 	 -0.984209
5.59462 	 -0.984748
5.60691 	 -0.985277
5.61921 	 -0.985797
5.6315 	 -0.986307
5.6438 	 -0.986809
5.6561 	 -0.987301
5.66839 	 -0.987783
5.68069 	 -0.988257
5.69298 	 -0.988721
5.70528 	 -0.989176
5.71758 	 -0.989621
5.72987 	 -0.990057
5.74217 	 -0.990484
5.75446 	 -0.990902
5.76676 	 -0.99131
5.77905 	 -0.991709
5.79135 	 -0.992099
5.80365 	 -0.992479
5.81594 	 -0.99285
5.82824 	 -0.993211
5.84053 	 -0.993563
5.85283 	 -0.993906
5.86513 	 -0.99424
5.87742 	 -0.994564
5.88972 	 -0.994879
5.90201 	 -0.995184
5.91431 	 -0.99548
5.92661 	 -0.995767
5.9389 	 -0.996044
5.9512 	 -0.996312
5.96349 	 -0.99657
5.97579 	 -0.99682
5.98808 	 -0.997059
6.00038 	 -0.99729
6.01268 	 -0.997511
6.02497 	 -0.997722
6.03727 	 -0.997925
6.04956 	 -0.998117
6.06186 	 -0.998301
6.07416 	 -0.998475
6.08645 	 -0.998639
6.09875 	 -0.998795
6.11104 	 -0.998941
6.12334 	 -0.999077
6.13563 	 -0.999204
6.14793 	 -0.999322
6.16023 	 -0.99943
6.17252 	 -0.999529
6.18482 	 -0.999618
6.19711 	 -0.999698
6.20941 	 -0.999769
6.22171 	 -0.99983
6.234 	 -0.999882
6.2463 	 -0.999924
6.25859 	 -0.999957
6.27089 	 -0.99998
6.28319 	 -0.999995
