0 	 1
0.0122959 	 0.999994
0.0245917 	 0.99998
0.0368876 	 0.999956
0.0491834 	 0.999923
0.0614793 	 0.999881
0.0737752 	 0.999829
0.086071 	 0.999768
0.0983669 	 0.999697
0.110663 	 0.999617
0.122959 	 0.999528
0.135254 	 0.999429
0.14755 	 0.999321
0.159846 	 0.999203
0.172142 	 0.999076
0.184438 	 0.99894
0.196734 	 0.998794
0.20903 	 0.998639
0.221326 	 0.998474
0.233621 	 0.9983
0.245917 	 0.998117
0.258213 	 0.997924
0.270509 	 0.997722
0.282805 	 0.99751
0.295101 	 0.997289
0.307397 	 0.997059
0.319692 	 0.996819
0.331988 	 0.99657
0.344284 	 0.996311
0.35658 	 0.996043
0.368876 	 0.995766
0.381172 	 0.995479
0.393468 	 0.995183
0.405763 	 0.994878
0.418059 	 0.994563
0.430355 	 0.994239
0.442651 	 0.993905
0.454947 	 0.993563
0.467243 	 0.99321
0.479539 	 0.992849
0.491834 	 0.992478
0.50413 	 0.992098
0.516426 	 0.991708
0.528722 	 0.991309
0.541018 	 0.990901
0.553314 	 0.990484
0.56561 	 0.990057
0.577905 	 0.98962
0.590201 	 0.989175
0.602497 	 0.98872
0.614793 	 0.988256
0.627089 	 0.987783
0.639385 	 0.9873
0.651681 	 0.986808
0.663977 	 0.986307
0.676272 	 0.985796
0.688568 	 0.985276
0.700864 	 0.984747
0.71316 	 0.984209
0.725456 	 0.983661
0.737752 	 0.983104
0.750048 	 0.982538
0.762343 	 0.981962
0.774639 	 0.981378
0.786935 	 0.980784
0.799231 	 0.980181
0.811527 	 0.979568
0.823823 	 0.978947
0.836119 	 0.978316
0.848414 	 0.977676
0.86071 	 0.977027
0.873006 	 0.976368
0.885302 	 0.975701
0.897598 	 0.975024
0.909894 	 0.974338
0.92219 	 0.973643
0.934485 	 0.972938
0.946781 	 0.972225
0.959077 	 0.971502
0.971373 	 0.970771
0.983669 	 0.97003
0.995965 	 0.96928
1.00826 	 0.968521
1.02056 	 0.967752
1.03285 	 0.966975
1.04515 	 0.966188
1.05744 	 0.965393
1.06974 	 0.964588
1.08204 	 0.963775
1.09433 	 0.962952
1.10663 	 0.96212
1.11892 	 0.961279
1.13122 	 0.960429
1.14352 	 0.95957
1.15581 	 0.958702
1.16811 	 0.957825
1.1804 	 0.956939
1.1927 	 0.956044
1.20499 	 0.95514
1.21729 	 0.954227
1.22959 	 0.953305
1.24188 	 0.952374
1.25418 	 0.951434
1.26647 	 0.950485
1.27877 	 0.949527
1.29107 	 0.94856
1.30336 	 0.947584
1.31566 	 0.946599
1.32795 	 0.945606
1.34025 	 0.944603
1.35254 	 0.943592
1.36484 	 0.942572
1.37714 	 0.941543
1.38943 	 0.940505
1.40173 	 0.939458
1.41402 	 0.938402
1.42632 	 0.937338
1.43862 	 0.936264
1.45091 	 0.935182
1.46321 	 0.934091
1.4755 	 0.932991
1.4878 	 0.931883
1.5001 	 0.930766
1.51239 	 0.929639
1.52469 	 0.928505
1.53698 	 0.927361
1.54928 	 0.926209
1.56157 	 0.925048
1.57387 	 0.923878
1.58617 	 0.9227
1.59846 	 0.921513
1.61076 	 0.920317
1.62305 	 0.919112
1.63535 	 0.917899
1.64765 	 0.916678
1.65994 	 0.915447
1.67224 	 0.914208
1.68453 	 0.912961
1.69683 	 0.911705
1.70912 	 0.91044
1.72142 	 0.909167
1.73372 	 0.907885
1.74601 	 0.906594
1.75831 	 0.905295
1.7706 	 0.903988
1.7829 	 0.902672
1.7952 	 0.901347
1.80749 	 0.900014
1.81979 	 0.898673
1.83208 	 0.897323
1.84438 	 0.895965
1.85668 	 0.894598
1.86897 	 0.893223
1.88127 	 0.891839
1.89356 	 0.890447
1.90586 	 0.889047
1.91815 	 0.887638
1.93045 	 0.886221
1.94275 	 0.884796
1.95504 	 0.883362
1.96734 	 0.88192
1.97963 	 0.88047
1.99193 	 0.879011
2.00423 	 0.877544
2.01652 	 0.876069
2.02882 	 0.874585
2.04111 	 0.873094
2.05341 	 0.871594
2.0657 	 0.870086
2.078 	 0.868569
2.0903 	 0.867045
2.10259 	 0.865512
2.11489 	 0.863972
2.12718 	 0.862423
2.13948 	 0.860866
2.15178 	 0.8593
2.16407 	 0.857727
2.17637 	 0.856146
2.18866 	 0.854557
2.20096 	 0.852959
2.21326 	 0.851354
2.22555 	 0.84974
2.23785 	 0.848119
2.25014 	 0.84649
2.26244 	 0.844852
2.27473 	 0.843207
2.28703 	 0.841554
2.29933 	 0.839892
2.31162 	 0.838223
2.32392 	 0.836546
2.33621 	 0.834862
2.34851 	 0.833169
2.36081 	 0.831468
2.3731 	 0.82976
2.3854 	 0.828044
2.39769 	 0.82632
2.40999 	 0.824588
2.42228 	 0.822848
2.43458 	 0.821101
2.44688 	 0.819346
2.45917 	 0.817584
2.47147 	 0.815813
2.48376 	 0.814035
2.49606 	 0.812249
2.50836 	 0.810456
2.52065 	 0.808655
2.53295 	 0.806846
2.54524 	 0.80503
2.55754 	 0.803206
2.56984 	 0.801375
2.58213 	 0.799536
2.59443 	 0.79769
2.60672 	 0.795836
2.61902 	 0.793974
2.63131 	 0.792105
2.64361 	 0.790229
2.65591 	 0.788345
2.6682 	 0.786454
2.6805 	 0.784555
2.69279 	 0.782649
2.70509 	 0.780736
2.71739 	 0.778815
2.72968 	 0.776887
2.74198 	 0.774952
2.75427 	 0.773009
2.76657 	 0.771059
2.77886 	 0.769102
2.79116 	 0.767138
2.80346 	 0.765166
2.81575 	 0.763187
2.82805 	 0.761201
2.84034 	 0.759208
2.85264 	 0.757208
2.86494 	 0.7552
2.87723 	 0.753186
2.88953 	 0.751164
2.90182 	 0.749135
2.91412 	 0.747099
2.92642 	 0.745057
2.93871 	 0.743007
2.95101 	 0.74095
2.9633 	 0.738886
2.9756 	 0.736815
2.98789 	 0.734738
3.00019 	 0.732653
3.01249 	 0.730562
3.02478 	 0.728463
3.03708 	 0.726358
3.04937 	 0.724246
3.06167 	 0.722127
3.07397 	 0.720001
3.08626 	 0.717869
3.09856 	 0.71573
3.11085 	 0.713584
3.12315 	 0.711431
3.13544 	 0.709272
3.14774 	 0.707106
3.16004 	 0.704933
3.17233 	 0.702754
3.18463 	 0.700568
3.19692 	 0.698375
3.20922 	 0.696176
3.22152 	 0.69397
3.23381 	 0.691758
3.24611 	 0.689539
3.2584 	 0.687314
3.2707 	 0.685083
3.283 	 0.682844
3.29529 	 0.6806
3.30759 	 0.678349
3.31988 	 0.676092
3.33218 	 0.673828
3.34447 	 0.671558
3.35677 	 0.669282
3.36907 	 0.666999
3.38136 	 0.66471
3.39366 	 0.662415
3.40595 	 0.660113
3.41825 	 0.657806
3.43055 	 0.655492
3.44284 	 0.653172
3.45514 	 0.650846
3.46743 	 0.648513
3.47973 	 0.646175
3.49202 	 0.643831
3.50432 	 0.64148
3.51662 	 0.639123
3.52891 	 0.636761
3.54121 	 0.634392
3.5535 	 0.632018
3.5658 	 0.629637
3.5781 	 0.627251
3.59039 	 0.624859
3.60269 	 0.62246
3.61498 	 0.620056
3.62728 	 0.617646
3.63958 	 0.615231
3.65187 	 0.612809
3.66417 	 0.610382
3.67646 	 0.607949
3.68876 	 0.60551
3.70105 	 0.603066
3.71335 	 0.600616
3.72565 	 0.59816
3.73794 	 0.595698
3.75024 	 0.593231
3.76253 	 0.590759
3.77483 	 0.588281
3.78713 	 0.585797
3.79942 	 0.583308
3.81172 	 0.580813
3.82401 	 0.578313
3.83631 	 0.575807
3.8486 	 0.573296
3.8609 	 0.57078
3.8732 	 0.568258
3.88549 	 0.565731
3.89779 	 0.563198
3.91008 	 0.560661
3.92238 	 0.558118
3.93468 	 0.555569
3.94697 	 0.553016
3.95927 	 0.550457
3.97156 	 0.547893
3.98386 	 0.545324
3.99616 	 0.54275
4.00845 	 0.540171
4.02075 	 0.537586
4.03304 	 0.534997
4.04534 	 0.532402
4.05763 	 0.529803
4.06993 	 0.527198
4.08223 	 0.524589
4.09452 	 0.521974
4.10682 	 0.519355
4.11911 	 0.516731
4.13141 	 0.514102
4.14371 	 0.511468
4.156 	 0.508829
4.1683 	 0.506186
4.18059 	 0.503538
4.19289 	 0.500885
4.20518 	 0.498227
4.21748 	 0.495564
4.22978 	 0.492897
4.24207 	 0.490226
4.25437 	 0.487549
4.26666 	 0.484868
4.27896 	 0.482183
4.29126 	 0.479493
4.30355 	 0.476798
4.31585 	 0.474099
4.32814 	 0.471396
4.34044 	 0.468688
4.35274 	 0.465976
4.36503 	 0.463259
4.37733 	 0.460538
4.38962 	 0.457813
4.40192 	 0.455083
4.41421 	 0.452349
4.42651 	 0.449611
4.43881 	 0.446868
4.4511 	 0.444121
4.4634 	 0.441371
4.47569 	 0.438616
4.48799 	 0.435856
4.50029 	 0.433093
4.51258 	 0.430326
4.52488 	 0.427554
4.53717 	 0.424779
4.54947 	 0.422
4.56176 	 0.419216
4.57406 	 0.416429
4.58636 	 0.413638
4.59865 	 0.410843
4.61095 	 0.408044
4.62324 	 0.405241
4.63554 	 0.402434
4.64784 	 0.399624
4.66013 	 0.396809
4.67243 	 0.393991
4.68472 	 0.39117
4.69702 	 0.388344
4.70932 	 0.385515
4.72161 	 0.382683
4.73391 	 0.379847
4.7462 	 0.377007
4.7585 	 0.374163
4.77079 	 0.371317
4.78309 	 0.368466
4.79539 	 0.365612
4.80768 	 0.362755
4.81998 	 0.359894
4.83227 	 0.35703
4.84457 	 0.354163
4.85687 	 0.351292
4.86916 	 0.348418
4.88146 	 0.345541
4.89375 	 0.34266
4.90605 	 0.339776
4.91834 	 0.336889
4.93064 	 0.333999
4.94294 	 0.331106
4.95523 	 0.328209
4.96753 	 0.32531
4.97982 	 0.322407
4.99212 	 0.319502
5.00442 	 0.316593
5.01671 	 0.313681
5.02901 	 0.310767
5.0413 	 0.307849
5.0536 	 0.304929
5.0659 	 0.302005
5.07819 	 0.299079
5.09049 	 0.29615
5.10278 	 0.293219
5.11508 	 0.290284
5.12737 	 0.287347
5.13967 	 0.284407
5.15197 	 0.281464
5.16426 	 0.278519
5.17656 	 0.275571
5.18885 	 0.272621
5.20115 	 0.269668
5.21345 	 0.266712
5.22574 	 0.263754
5.23804 	 0.260794
5.25033 	 0.257831
5.26263 	 0.254865
5.27492 	 0.251897
5.28722 	 0.248927
5.29952 	 0.245955
5.31181 	 0.24298
5.32411 	 0.240003
5.3364 	 0.237023
5.3487 	 0.234042
5.361 	 0.231058
5.37329 	 0.228072
5.38559 	 0.225084
5.39788 	 0.222093
5.41018 	 0.219101
5.42247 	 0.216106
5.43477 	 0.21311
5.44707 	 0.210112
5.45936 	 0.207111
5.47166 	 0.204109
5.48395 	 0.201104
5.49625 	 0.198098
5.50855 	 0.19509
5.52084 	 0.19208
5.53314 	 0.189068
5.54543 	 0.186055
5.55773 	 0.18304
5.57003 	 0.180023
5.58232 	 0.177004
5.59462 	 0.173984
5.60691 	 0.170962
5.61921 	 0.167938
5.6315 	 0.164913
5.6438 	 0.161886
5.6561 	 0.158858
5.66839 	 0.155828
5.68069 	 0.152797
5.69298 	 0.149764
5.70528 	 0.14673
5.71758 	 0.143695
5.72987 	 0.140658
5.74217 	 0.13762
5.75446 	 0.13458
5.76676 	 0.13154
5.77905 	 0.128498
5.79135 	 0.125455
5.80365 	 0.12241
5.81594 	 0.119365
5.82824 	 0.116318
5.84053 	 0.113271
5.85283 	 0.110222
5.86513 	 0.107172
5.87742 	 0.104121
5.88972 	 0.10107
5.90201 	 0.098017
5.91431 	 0.0949633
5.92661 	 0.0919088
5.9389 	 0.0888534
5.9512 	 0.0857972
5.96349 	 0.0827401
5.97579 	 0.0796823
5.98808 	 0.0766237
6.00038 	 0.0735644
6.01268 	 0.0705045
6.02497 	 0.0674438
6.03727 	 0.0643825
6.04956 	 0.0613206
6.06186 	 0.0582582
6.07416 	 0.0551952
6.08645 	 0.0521316
6.09875 	 0.0490676
6.11104 	 0.0460031
6.12334 	 0.0429382
6.13563 	 0.0398729
6.14793 	 0.0368072
6.16023 	 0.0337411
6.17252 	 0.0306748
6.18482 	 0.0276081
6.19711 	 0.0245412
6.20941 	 0.021474
6.22171 	 0.0184067
6.234 	 0.0153392
6.2463 	 0.0122715
6.25859 	 0.00920374
6.27089 	 0.00613588
6.28319 	 0.00306795
