0 	 -2.89193e-08
0.00306946 	 -0.00306945
0.00613892 	 -0.00613888
0.00920838 	 -0.00920824
0.0122778 	 -0.0122775
0.0153473 	 -0.0153467
0.0184168 	 -0.0184157
0.0214862 	 -0.0214846
0.0245557 	 -0.0245532
0.0276251 	 -0.0276216
0.0306946 	 -0.0306898
0.0337641 	 -0.0337576
0.0368335 	 -0.0368252
0.039903 	 -0.0398924
0.0429724 	 -0.0429592
0.0460419 	 -0.0460256
0.0491114 	 -0.0490916
0.0521808 	 -0.0521571
0.0552503 	 -0.0552221
0.0583197 	 -0.0582866
0.0613892 	 -0.0613506
0.0644587 	 -0.064414
0.0675281 	 -0.0674768
0.0705976 	 -0.0705389
0.073667 	 -0.0736004
0.0767365 	 -0.0766612
0.079806 	 -0.0797212
0.0828754 	 -0.0827805
0.0859449 	 -0.0858391
0.0890143 	 -0.0888968
0.0920838 	 -0.0919537
0.0951533 	 -0.0950097
0.0982227 	 -0.0980648
0.101292 	 -0.101119
0.104362 	 -0.104172
0.107431 	 -0.107224
0.110501 	 -0.110276
0.11357 	 -0.113326
0.116639 	 -0.116375
0.119709 	 -0.119423
0.122778 	 -0.12247
0.125848 	 -0.125516
0.128917 	 -0.12856
0.131987 	 -0.131604
0.135056 	 -0.134646
0.138126 	 -0.137687
0.141195 	 -0.140726
0.144265 	 -0.143765
0.147334 	 -0.146802
0.150404 	 -0.149837
0.153473 	 -0.152871
0.156542 	 -0.155904
0.159612 	 -0.158935
0.162681 	 -0.161965
0.165751 	 -0.164993
0.16882 	 -0.168019
0.17189 	 -0.171044
0.174959 	 -0.174068
0.178029 	 -0.17709
0.181098 	 -0.18011
0.184168 	 -0.183128
0.187237 	 -0.186145
0.190307 	 -0.18916
0.193376 	 -0.192173
0.196445 	 -0.195184
0.199515 	 -0.198194
0.202584 	 -0.201201
0.205654 	 -0.204207
0.208723 	 -0.207211
0.211793 	 -0.210213
0.214862 	 -0.213213
0.217932 	 -0.216211
0.221001 	 -0.219206
0.224071 	 -0.2222
0.22714 	 -0.225192
0.23021 	 -0.228181
0.233279 	 -0.231169
0.236348 	 -0.234154
0.239418 	 -0.237137
0.242487 	 -0.240118
0.245557 	 -0.243096
0.248626 	 -0.246073
0.251696 	 -0.249046
0.254765 	 -0.252018
0.257835 	 -0.254987
0.260904 	 -0.257954
0.263974 	 -0.260918
0.267043 	 -0.26388
0.270113 	 -0.26684
0.273182 	 -0.269797
0.276251 	 -0.272751
0.279321 	 -0.275703
0.28239 	 -0.278652
0.28546 	 -0.281598
0.288529 	 -0.284542
0.291599 	 -0.287484
0.294668 	 -0.290422
0.297738 	 -0.293358
0.300807 	 -0.296291
0.303877 	 -0.299221
0.306946 	 -0.302149
0.310015 	 -0.305073
0.313085 	 -0.307995
0.316154 	 -0.310914
0.319224 	 -0.313829
0.322293 	 -0.316742
0.325363 	 -0.319652
0.328432 	 -0.322559
0.331502 	 -0.325463
0.334571 	 -0.328364
0.337641 	 -0.331262
0.34071 	 -0.334156
0.34378 	 -0.337048
0.346849 	 -0.339936
0.349918 	 -0.342821
0.352988 	 -0.345703
0.356057 	 -0.348581
0.359127 	 -0.351457
0.362196 	 -0.354329
0.365266 	 -0.357197
0.368335 	 -0.360063
0.371405 	 -0.362924
0.374474 	 -0.365783
0.377544 	 -0.368638
0.380613 	 -0.371489
0.383683 	 -0.374337
0.386752 	 -0.377182
0.389821 	 -0.380023
0.392891 	 -0.38286
0.39596 	 -0.385694
0.39903 	 -0.388524
0.402099 	 -0.391351
0.405169 	 -0.394174
0.408238 	 -0.396993
0.411308 	 -0.399808
0.414377 	 -0.40262
0.417447 	 -0.405427
0.420516 	 -0.408231
0.423586 	 -0.411031
0.426655 	 -0.413828
0.429724 	 -0.41662
0.432794 	 -0.419408
0.435863 	 -0.422193
0.438933 	 -0.424973
0.442002 	 -0.42775
0.445072 	 -0.430522
0.448141 	 -0.433291
0.451211 	 -0.436055
0.45428 	 -0.438815
0.45735 	 -0.441571
0.460419 	 -0.444323
0.463489 	 -0.447071
0.466558 	 -0.449814
0.469627 	 -0.452554
0.472697 	 -0.455289
0.475766 	 -0.458019
0.478836 	 -0.460746
0.481905 	 -0.463468
0.484975 	 -0.466186
0.488044 	 -0.468899
0.491114 	 -0.471608
0.494183 	 -0.474312
0.497253 	 -0.477012
0.500322 	 -0.479708
0.503391 	 -0.482399
0.506461 	 -0.485085
0.50953 	 -0.487767
0.5126 	 -0.490444
0.515669 	 -0.493117
0.518739 	 -0.495785
0.521808 	 -0.498448
0.524878 	 -0.501107
0.527947 	 -0.503761
0.531017 	 -0.50641
0.534086 	 -0.509054
0.537156 	 -0.511694
0.540225 	 -0.514329
0.543294 	 -0.516958
0.546364 	 -0.519584
0.549433 	 -0.522204
0.552503 	 -0.524819
0.555572 	 -0.527429
0.558642 	 -0.530035
0.561711 	 -0.532635
0.564781 	 -0.53523
0.56785 	 -0.53782
0.57092 	 -0.540406
0.573989 	 -0.542986
0.577059 	 -0.545561
0.580128 	 -0.548131
0.583197 	 -0.550695
0.586267 	 -0.553255
0.589336 	 -0.555809
0.592406 	 -0.558358
0.595475 	 -0.560902
0.598545 	 -0.56344
0.601614 	 -0.565974
0.604684 	 -0.568501
0.607753 	 -0.571024
0.610823 	 -0.573541
0.613892 	 -0.576053
0.616962 	 -0.578559
0.620031 	 -0.58106
0.6231 	 -0.583555
0.62617 	 -0.586045
0.629239 	 -0.58853
0.632309 	 -0.591008
0.635378 	 -0.593482
0.638448 	 -0.595949
0.641517 	 -0.598411
0.644587 	 -0.600868
0.647656 	 -0.603318
0.650726 	 -0.605763
0.653795 	 -0.608203
0.656865 	 -0.610636
0.659934 	 -0.613064
0.663003 	 -0.615486
0.666073 	 -0.617903
0.669142 	 -0.620313
0.672212 	 -0.622718
0.675281 	 -0.625116
0.678351 	 -0.627509
0.68142 	 -0.629896
0.68449 	 -0.632277
0.687559 	 -0.634652
0.690629 	 -0.637021
0.693698 	 -0.639384
0.696767 	 -0.641741
0.699837 	 -0.644092
0.702906 	 -0.646437
0.705976 	 -0.648776
0.709045 	 -0.651109
0.712115 	 -0.653436
0.715184 	 -0.655756
0.718254 	 -0.65807
0.721323 	 -0.660378
0.724393 	 -0.66268
0.727462 	 -0.664976
0.730532 	 -0.667265
0.733601 	 -0.669548
0.73667 	 -0.671825
0.73974 	 -0.674095
0.742809 	 -0.676359
0.745879 	 -0.678617
0.748948 	 -0.680868
0.752018 	 -0.683113
0.755087 	 -0.685352
0.758157 	 -0.687584
0.761226 	 -0.689809
0.764296 	 -0.692028
0.767365 	 -0.694241
0.770435 	 -0.696447
0.773504 	 -0.698646
0.776573 	 -0.700839
0.779643 	 -0.703025
0.782712 	 -0.705205
0.785782 	 -0.707377
0.788851 	 -0.709544
0.791921 	 -0.711703
0.79499 	 -0.713856
0.79806 	 -0.716002
0.801129 	 -0.718142
0.804199 	 -0.720274
0.807268 	 -0.7224
0.810338 	 -0.724519
0.813407 	 -0.726632
0.816476 	 -0.728737
0.819546 	 -0.730835
0.822615 	 -0.732927
0.825685 	 -0.735012
0.828754 	 -0.73709
0.831824 	 -0.73916
0.834893 	 -0.741224
0.837963 	 -0.743281
0.841032 	 -0.745331
0.844102 	 -0.747374
0.847171 	 -0.74941
0.850241 	 -0.751439
0.85331 	 -0.75346
0.856379 	 -0.755475
0.859449 	 -0.757482
0.862518 	 -0.759483
0.865588 	 -0.761476
0.868657 	 -0.763462
0.871727 	 -0.765441
0.874796 	 -0.767412
0.877866 	 -0.769377
0.880935 	 -0.771334
0.884005 	 -0.773284
0.887074 	 -0.775226
0.890143 	 -0.777161
0.893213 	 -0.779089
0.896282 	 -0.78101
0.899352 	 -0.782923
0.902421 	 -0.784829
0.905491 	 -0.786728
0.90856 	 -0.788619
0.91163 	 -0.790502
0.914699 	 -0.792378
0.917769 	 -0.794247
0.920838 	 -0.796108
0.923908 	 -0.797962
0.926977 	 -0.799808
0.930046 	 -0.801647
0.933116 	 -0.803478
0.936185 	 -0.805302
0.939255 	 -0.807118
0.942324 	 -0.808926
0.945394 	 -0.810727
0.948463 	 -0.81252
0.951533 	 -0.814305
0.954602 	 -0.816083
0.957672 	 -0.817853
0.960741 	 -0.819616
0.963811 	 -0.82137
0.96688 	 -0.823117
0.969949 	 -0.824856
0.973019 	 -0.826588
0.976088 	 -0.828312
0.979158 	 -0.830027
0.982227 	 -0.831735
0.985297 	 -0.833435
0.988366 	 -0.835128
0.991436 	 -0.836812
0.994505 	 -0.838489
0.997575 	 -0.840157
1.00064 	 -0.841818
1.00371 	 -0.843471
1.00678 	 -0.845116
1.00985 	 -0.846753
1.01292 	 -0.848382
1.01599 	 -0.850003
1.01906 	 -0.851615
1.02213 	 -0.85322
1.0252 	 -0.854817
1.02827 	 -0.856406
1.03134 	 -0.857987
1.03441 	 -0.859559
1.03748 	 -0.861124
1.04055 	 -0.86268
1.04362 	 -0.864229
1.04669 	 -0.865769
1.04976 	 -0.867301
1.05282 	 -0.868825
1.05589 	 -0.87034
1.05896 	 -0.871848
1.06203 	 -0.873347
1.0651 	 -0.874838
1.06817 	 -0.876321
1.07124 	 -0.877795
1.07431 	 -0.879262
1.07738 	 -0.880719
1.08045 	 -0.882169
1.08352 	 -0.88361
1.08659 	 -0.885044
1.08966 	 -0.886468
1.09273 	 -0.887885
1.0958 	 -0.889292
1.09887 	 -0.890692
1.10194 	 -0.892083
1.10501 	 -0.893466
1.10808 	 -0.89484
1.11114 	 -0.896206
1.11421 	 -0.897564
1.11728 	 -0.898913
1.12035 	 -0.900253
1.12342 	 -0.901586
1.12649 	 -0.902909
1.12956 	 -0.904224
1.13263 	 -0.905531
1.1357 	 -0.906829
1.13877 	 -0.908118
1.14184 	 -0.909399
1.14491 	 -0.910672
1.14798 	 -0.911935
1.15105 	 -0.913191
1.15412 	 -0.914437
1.15719 	 -0.915675
1.16026 	 -0.916905
1.16333 	 -0.918125
1.16639 	 -0.919337
1.16946 	 -0.920541
1.17253 	 -0.921736
1.1756 	 -0.922922
1.17867 	 -0.924099
1.18174 	 -0.925268
1.18481 	 -0.926427
1.18788 	 -0.927579
1.19095 	 -0.928721
1.19402 	 -0.929855
1.19709 	 -0.93098
1.20016 	 -0.932096
1.20323 	 -0.933203
1.2063 	 -0.934302
1.20937 	 -0.935392
1.21244 	 -0.936473
1.21551 	 -0.937545
1.21858 	 -0.938608
1.22165 	 -0.939663
1.22471 	 -0.940708
1.22778 	 -0.941745
1.23085 	 -0.942773
1.23392 	 -0.943792
1.23699 	 -0.944802
1.24006 	 -0.945803
1.24313 	 -0.946796
1.2462 	 -0.947779
1.24927 	 -0.948754
1.25234 	 -0.949719
1.25541 	 -0.950676
1.25848 	 -0.951623
1.26155 	 -0.952562
1.26462 	 -0.953492
1.26769 	 -0.954412
1.27076 	 -0.955324
1.27383 	 -0.956227
1.2769 	 -0.95712
1.27996 	 -0.958005
1.28303 	 -0.958881
1.2861 	 -0.959747
1.28917 	 -0.960605
1.29224 	 -0.961453
1.29531 	 -0.962293
1.29838 	 -0.963123
1.30145 	 -0.963945
1.30452 	 -0.964757
1.30759 	 -0.96556
1.31066 	 -0.966354
1.31373 	 -0.967139
1.3168 	 -0.967915
1.31987 	 -0.968682
1.32294 	 -0.969439
1.32601 	 -0.970188
1.32908 	 -0.970927
1.33215 	 -0.971657
1.33522 	 -0.972378
1.33828 	 -0.97309
1.34135 	 -0.973793
1.34442 	 -0.974486
1.34749 	 -0.97517
1.35056 	 -0.975846
1.35363 	 -0.976512
1.3567 	 -0.977168
1.35977 	 -0.977816
1.36284 	 -0.978454
1.36591 	 -0.979083
1.36898 	 -0.979703
1.37205 	 -0.980314
1.37512 	 -0.980915
1.37819 	 -0.981507
1.38126 	 -0.98209
1.38433 	 -0.982664
1.3874 	 -0.983228
1.39047 	 -0.983784
1.39353 	 -0.98433
1.3966 	 -0.984866
1.39967 	 -0.985393
1.40274 	 -0.985912
1.40581 	 -0.98642
1.40888 	 -0.98692
1.41195 	 -0.98741
1.41502 	 -0.987891
1.41809 	 -0.988362
1.42116 	 -0.988825
1.42423 	 -0.989278
1.4273 	 -0.989721
1.43037 	 -0.990155
1.43344 	 -0.99058
1.43651 	 -0.990996
1.43958 	 -0.991402
1.44265 	 -0.991799
1.44572 	 -0.992187
1.44879 	 -0.992565
1.45185 	 -0.992934
1.45492 	 -0.993294
1.45799 	 -0.993644
1.46106 	 -0.993985
1.46413 	 -0.994316
1.4672 	 -0.994638
1.47027 	 -0.994951
1.47334 	 -0.995254
1.47641 	 -0.995548
1.47948 	 -0.995833
1.48255 	 -0.996108
1.48562 	 -0.996374
1.48869 	 -0.99663
1.49176 	 -0.996877
1.49483 	 -0.997115
1.4979 	 -0.997343
1.50097 	 -0.997562
1.50404 	 -0.997772
1.50711 	 -0.997972
1.51017 	 -0.998162
1.51324 	 -0.998344
1.51631 	 -0.998515
1.51938 	 -0.998678
1.52245 	 -0.998831
1.52552 	 -0.998974
1.52859 	 -0.999109
1.53166 	 -0.999234
1.53473 	 -0.999349
1.5378 	 -0.999455
1.54087 	 -0.999551
1.54394 	 -0.999639
1.54701 	 -0.999716
1.55008 	 -0.999785
1.55315 	 -0.999843
1.55622 	 -0.999893
1.55929 	 -0.999933
1.56236 	 -0.999964
1.56542 	 -0.999985
1.56849 	 -0.999997
1.57156 	 -0.999999
1.57463 	 -0.999992
1.5777 	 -0.999975
1.58077 	 -0.999949
1.58384 	 -0.999914
1.58691 	 -0.999869
1.58998 	 -0.999815
1.59305 	 -0.999752
1.59612 	 -0.999679
1.59919 	 -0.999596
1.60226 	 -0.999504
1.60533 	 -0.999403
1.6084 	 -0.999292
1.61147 	 -0.999172
1.61454 	 -0.999043
1.61761 	 -0.998904
1.62068 	 -0.998756
1.62374 	 -0.998598
1.62681 	 -0.998431
1.62988 	 -0.998254
1.63295 	 -0.998068
1.63602 	 -0.997873
1.63909 	 -0.997668
1.64216 	 -0.997454
1.64523 	 -0.99723
1.6483 	 -0.996997
1.65137 	 -0.996755
1.65444 	 -0.996503
1.65751 	 -0.996242
1.66058 	 -0.995972
1.66365 	 -0.995692
1.66672 	 -0.995402
1.66979 	 -0.995104
1.67286 	 -0.994796
1.67593 	 -0.994478
1.67899 	 -0.994151
1.68206 	 -0.993815
1.68513 	 -0.99347
1.6882 	 -0.993115
1.69127 	 -0.992751
1.69434 	 -0.992377
1.69741 	 -0.991994
1.70048 	 -0.991602
1.70355 	 -0.9912
1.70662 	 -0.990789
1.70969 	 -0.990369
1.71276 	 -0.989939
1.71583 	 -0.989501
1.7189 	 -0.989052
1.72197 	 -0.988595
1.72504 	 -0.988128
1.72811 	 -0.987652
1.73118 	 -0.987166
1.73425 	 -0.986671
1.73731 	 -0.986167
1.74038 	 -0.985654
1.74345 	 -0.985131
1.74652 	 -0.984599
1.74959 	 -0.984058
1.75266 	 -0.983507
1.75573 	 -0.982947
1.7588 	 -0.982378
1.76187 	 -0.9818
1.76494 	 -0.981213
1.76801 	 -0.980616
1.77108 	 -0.98001
1.77415 	 -0.979394
1.77722 	 -0.97877
1.78029 	 -0.978136
1.78336 	 -0.977493
1.78643 	 -0.976841
1.7895 	 -0.97618
1.79256 	 -0.975509
1.79563 	 -0.974829
1.7987 	 -0.974141
1.80177 	 -0.973442
1.80484 	 -0.972735
1.80791 	 -0.972019
1.81098 	 -0.971293
1.81405 	 -0.970558
1.81712 	 -0.969815
1.82019 	 -0.969061
1.82326 	 -0.968299
1.82633 	 -0.967528
1.8294 	 -0.966748
1.83247 	 -0.965958
1.83554 	 -0.96516
1.83861 	 -0.964352
1.84168 	 -0.963535
1.84475 	 -0.962709
1.84782 	 -0.961874
1.85088 	 -0.96103
1.85395 	 -0.960177
1.85702 	 -0.959315
1.86009 	 -0.958444
1.86316 	 -0.957564
1.86623 	 -0.956675
1.8693 	 -0.955776
1.87237 	 -0.954869
1.87544 	 -0.953953
1.87851 	 -0.953028
1.88158 	 -0.952094
1.88465 	 -0.951151
1.88772 	 -0.950198
1.89079 	 -0.949237
1.89386 	 -0.948267
1.89693 	 -0.947289
1.9 	 -0.946301
1.90307 	 -0.945304
1.90613 	 -0.944298
1.9092 	 -0.943284
1.91227 	 -0.94226
1.91534 	 -0.941228
1.91841 	 -0.940187
1.92148 	 -0.939137
1.92455 	 -0.938078
1.92762 	 -0.93701
1.93069 	 -0.935933
1.93376 	 -0.934848
1.93683 	 -0.933754
1.9399 	 -0.932651
1.94297 	 -0.931539
1.94604 	 -0.930418
1.94911 	 -0.929289
1.95218 	 -0.928151
1.95525 	 -0.927004
1.95832 	 -0.925849
1.96139 	 -0.924684
1.96445 	 -0.923511
1.96752 	 -0.92233
1.97059 	 -0.921139
1.97366 	 -0.91994
1.97673 	 -0.918732
1.9798 	 -0.917516
1.98287 	 -0.916291
1.98594 	 -0.915057
1.98901 	 -0.913815
1.99208 	 -0.912564
1.99515 	 -0.911305
1.99822 	 -0.910037
2.00129 	 -0.90876
2.00436 	 -0.907475
2.00743 	 -0.906181
2.0105 	 -0.904879
2.01357 	 -0.903568
2.01664 	 -0.902248
2.0197 	 -0.900921
2.02277 	 -0.899584
2.02584 	 -0.898239
2.02891 	 -0.896886
2.03198 	 -0.895524
2.03505 	 -0.894154
2.03812 	 -0.892776
2.04119 	 -0.891389
2.04426 	 -0.889993
2.04733 	 -0.88859
2.0504 	 -0.887177
2.05347 	 -0.885757
2.05654 	 -0.884328
2.05961 	 -0.882891
2.06268 	 -0.881445
2.06575 	 -0.879992
2.06882 	 -0.878529
2.07189 	 -0.877059
2.07496 	 -0.87558
2.07802 	 -0.874094
2.08109 	 -0.872598
2.08416 	 -0.871095
2.08723 	 -0.869584
2.0903 	 -0.868064
2.09337 	 -0.866536
2.09644 	 -0.865
2.09951 	 -0.863456
2.10258 	 -0.861903
2.10565 	 -0.860343
2.10872 	 -0.858774
2.11179 	 -0.857197
2.11486 	 -0.855613
2.11793 	 -0.85402
2.121 	 -0.852419
2.12407 	 -0.85081
2.12714 	 -0.849193
2.13021 	 -0.847568
2.13327 	 -0.845935
2.13634 	 -0.844294
2.13941 	 -0.842646
2.14248 	 -0.840989
2.14555 	 -0.839324
2.14862 	 -0.837651
2.15169 	 -0.835971
2.15476 	 -0.834283
2.15783 	 -0.832586
2.1609 	 -0.830882
2.16397 	 -0.82917
2.16704 	 -0.827451
2.17011 	 -0.825723
2.17318 	 -0.823988
2.17625 	 -0.822245
2.17932 	 -0.820494
2.18239 	 -0.818735
2.18546 	 -0.816969
2.18853 	 -0.815195
2.19159 	 -0.813414
2.19466 	 -0.811624
2.19773 	 -0.809827
2.2008 	 -0.808023
2.20387 	 -0.806211
2.20694 	 -0.804391
2.21001 	 -0.802564
2.21308 	 -0.800729
2.21615 	 -0.798886
2.21922 	 -0.797036
2.22229 	 -0.795179
2.22536 	 -0.793314
2.22843 	 -0.791441
2.2315 	 -0.789561
2.23457 	 -0.787674
2.23764 	 -0.785779
2.24071 	 -0.783877
2.24378 	 -0.781968
2.24684 	 -0.780051
2.24991 	 -0.778126
2.25298 	 -0.776195
2.25605 	 -0.774256
2.25912 	 -0.77231
2.26219 	 -0.770356
2.26526 	 -0.768395
2.26833 	 -0.766427
2.2714 	 -0.764452
2.27447 	 -0.76247
2.27754 	 -0.76048
2.28061 	 -0.758483
2.28368 	 -0.756479
2.28675 	 -0.754468
2.28982 	 -0.75245
2.29289 	 -0.750425
2.29596 	 -0.748393
2.29903 	 -0.746353
2.3021 	 -0.744307
2.30516 	 -0.742254
2.30823 	 -0.740193
2.3113 	 -0.738126
2.31437 	 -0.736051
2.31744 	 -0.73397
2.32051 	 -0.731882
2.32358 	 -0.729787
2.32665 	 -0.727685
2.32972 	 -0.725576
2.33279 	 -0.723461
2.33586 	 -0.721338
2.33893 	 -0.719209
2.342 	 -0.717073
2.34507 	 -0.71493
2.34814 	 -0.712781
2.35121 	 -0.710624
2.35428 	 -0.708461
2.35735 	 -0.706292
2.36041 	 -0.704116
2.36348 	 -0.701933
2.36655 	 -0.699743
2.36962 	 -0.697547
2.37269 	 -0.695344
2.37576 	 -0.693135
2.37883 	 -0.690919
2.3819 	 -0.688697
2.38497 	 -0.686468
2.38804 	 -0.684233
2.39111 	 -0.681992
2.39418 	 -0.679744
2.39725 	 -0.677489
2.40032 	 -0.675228
2.40339 	 -0.672961
2.40646 	 -0.670687
2.40953 	 -0.668407
2.4126 	 -0.666121
2.41567 	 -0.663829
2.41873 	 -0.66153
2.4218 	 -0.659225
2.42487 	 -0.656914
2.42794 	 -0.654597
2.43101 	 -0.652273
2.43408 	 -0.649943
2.43715 	 -0.647608
2.44022 	 -0.645266
2.44329 	 -0.642918
2.44636 	 -0.640564
2.44943 	 -0.638204
2.4525 	 -0.635838
2.45557 	 -0.633465
2.45864 	 -0.631087
2.46171 	 -0.628703
2.46478 	 -0.626314
2.46785 	 -0.623918
2.47092 	 -0.621516
2.47399 	 -0.619109
2.47705 	 -0.616695
2.48012 	 -0.614276
2.48319 	 -0.611851
2.48626 	 -0.60942
2.48933 	 -0.606984
2.4924 	 -0.604542
2.49547 	 -0.602094
2.49854 	 -0.59964
2.50161 	 -0.597181
2.50468 	 -0.594716
2.50775 	 -0.592246
2.51082 	 -0.58977
2.51389 	 -0.587288
2.51696 	 -0.584801
2.52003 	 -0.582308
2.5231 	 -0.57981
2.52617 	 -0.577307
2.52924 	 -0.574798
2.5323 	 -0.572283
2.53537 	 -0.569763
2.53844 	 -0.567238
2.54151 	 -0.564708
2.54458 	 -0.562172
2.54765 	 -0.559631
2.55072 	 -0.557084
2.55379 	 -0.554533
2.55686 	 -0.551976
2.55993 	 -0.549414
2.563 	 -0.546846
2.56607 	 -0.544274
2.56914 	 -0.541696
2.57221 	 -0.539114
2.57528 	 -0.536526
2.57835 	 -0.533933
2.58142 	 -0.531335
2.58449 	 -0.528732
2.58756 	 -0.526125
2.59062 	 -0.523512
2.59369 	 -0.520894
2.59676 	 -0.518272
2.59983 	 -0.515644
2.6029 	 -0.513012
2.60597 	 -0.510375
2.60904 	 -0.507733
2.61211 	 -0.505086
2.61518 	 -0.502434
2.61825 	 -0.499778
2.62132 	 -0.497117
2.62439 	 -0.494451
2.62746 	 -0.491781
2.63053 	 -0.489106
2.6336 	 -0.486427
2.63667 	 -0.483742
2.63974 	 -0.481054
2.64281 	 -0.478361
2.64587 	 -0.475663
2.64894 	 -0.472961
2.65201 	 -0.470254
2.65508 	 -0.467543
2.65815 	 -0.464827
2.66122 	 -0.462107
2.66429 	 -0.459383
2.66736 	 -0.456655
2.67043 	 -0.453922
2.6735 	 -0.451185
2.67657 	 -0.448443
2.67964 	 -0.445698
2.68271 	 -0.442948
2.68578 	 -0.440194
2.68885 	 -0.437436
2.69192 	 -0.434673
2.69499 	 -0.431907
2.69806 	 -0.429137
2.70113 	 -0.426362
2.70419 	 -0.423584
2.70726 	 -0.420801
2.71033 	 -0.418015
2.7134 	 -0.415224
2.71647 	 -0.41243
2.71954 	 -0.409632
2.72261 	 -0.40683
2.72568 	 -0.404024
2.72875 	 -0.401214
2.73182 	 -0.398401
2.73489 	 -0.395584
2.73796 	 -0.392763
2.74103 	 -0.389938
2.7441 	 -0.38711
2.74717 	 -0.384278
2.75024 	 -0.381442
2.75331 	 -0.378603
2.75638 	 -0.37576
2.75944 	 -0.372914
2.76251 	 -0.370064
2.76558 	 -0.367211
2.76865 	 -0.364354
2.77172 	 -0.361494
2.77479 	 -0.35863
2.77786 	 -0.355763
2.78093 	 -0.352893
2.784 	 -0.350019
2.78707 	 -0.347142
2.79014 	 -0.344262
2.79321 	 -0.341379
2.79628 	 -0.338492
2.79935 	 -0.335602
2.80242 	 -0.332709
2.80549 	 -0.329813
2.80856 	 -0.326914
2.81163 	 -0.324012
2.8147 	 -0.321106
2.81776 	 -0.318198
2.82083 	 -0.315286
2.8239 	 -0.312372
2.82697 	 -0.309455
2.83004 	 -0.306534
2.83311 	 -0.303611
2.83618 	 -0.300685
2.83925 	 -0.297756
2.84232 	 -0.294825
2.84539 	 -0.29189
2.84846 	 -0.288953
2.85153 	 -0.286013
2.8546 	 -0.283071
2.85767 	 -0.280126
2.86074 	 -0.277178
2.86381 	 -0.274227
2.86688 	 -0.271274
2.86995 	 -0.268318
2.87301 	 -0.26536
2.87608 	 -0.2624
2.87915 	 -0.259436
2.88222 	 -0.256471
2.88529 	 -0.253503
2.88836 	 -0.250533
2.89143 	 -0.24756
2.8945 	 -0.244585
2.89757 	 -0.241607
2.90064 	 -0.238628
2.90371 	 -0.235646
2.90678 	 -0.232662
2.90985 	 -0.229675
2.91292 	 -0.226687
2.91599 	 -0.223696
2.91906 	 -0.220703
2.92213 	 -0.217709
2.9252 	 -0.214712
2.92827 	 -0.211713
2.93133 	 -0.208712
2.9344 	 -0.205709
2.93747 	 -0.202704
2.94054 	 -0.199698
2.94361 	 -0.196689
2.94668 	 -0.193679
2.94975 	 -0.190667
2.95282 	 -0.187653
2.95589 	 -0.184637
2.95896 	 -0.181619
2.96203 	 -0.1786
2.9651 	 -0.175579
2.96817 	 -0.172556
2.97124 	 -0.169532
2.97431 	 -0.166506
2.97738 	 -0.163479
2.98045 	 -0.16045
2.98352 	 -0.15742
2.98658 	 -0.154388
2.98965 	 -0.151354
2.99272 	 -0.148319
2.99579 	 -0.145283
2.99886 	 -0.142246
3.00193 	 -0.139207
3.005 	 -0.136167
3.00807 	 -0.133125
3.01114 	 -0.130082
3.01421 	 -0.127038
3.01728 	 -0.123993
3.02035 	 -0.120947
3.02342 	 -0.117899
3.02649 	 -0.114851
3.02956 	 -0.111801
3.03263 	 -0.10875
3.0357 	 -0.105698
3.03877 	 -0.102646
3.04184 	 -0.099592
3.0449 	 -0.0965373
3.04797 	 -0.0934818
3.05104 	 -0.0904253
3.05411 	 -0.087368
3.05718 	 -0.0843099
3.06025 	 -0.081251
3.06332 	 -0.0781913
3.06639 	 -0.0751309
3.06946 	 -0.0720697
3.07253 	 -0.0690079
3.0756 	 -0.0659455
3.07867 	 -0.0628824
3.08174 	 -0.0598187
3.08481 	 -0.0567545
3.08788 	 -0.0536897
3.09095 	 -0.0506244
3.09402 	 -0.0475587
3.09709 	 -0.0444924
3.10015 	 -0.0414258
3.10322 	 -0.0383588
3.10629 	 -0.0352914
3.10936 	 -0.0322237
3.11243 	 -0.0291557
3.1155 	 -0.0260874
3.11857 	 -0.0230189
3.12164 	 -0.0199502
3.12471 	 -0.0168812
3.12778 	 -0.0138121
3.13085 	 -0.0107429
3.13392 	 -0.00767357
3.13699 	 -0.00460417
3.14006 	 -0.00153473
3.14313 	 0.00153473
3.1462 	 0.00460417
3.14927 	 0.00767357
3.15234 	 0.0107429
3.15541 	 0.0138121
3.15847 	 0.0168812
3.16154 	 0.0199502
3.16461 	 0.0230189
3.16768 	 0.0260874
3.17075 	 0.0291557
3.17382 	 0.0322237
3.17689 	 0.0352914
3.17996 	 0.0383588
3.18303 	 0.0414258
3.1861 	 0.0444924
3.18917 	 0.0475587
3.19224 	 0.0506244
3.19531 	 0.0536897
3.19838 	 0.0567545
3.20145 	 0.0598187
3.20452 	 0.0628824
3.20759 	 0.0659455
3.21066 	 0.0690079
3.21372 	 0.0720697
3.21679 	 0.0751309
3.21986 	 0.0781913
3.22293 	 0.081251
3.226 	 0.0843099
3.22907 	 0.087368
3.23214 	 0.0904253
3.23521 	 0.0934818
3.23828 	 0.0965373
3.24135 	 0.099592
3.24442 	 0.102646
3.24749 	 0.105698
3.25056 	 0.10875
3.25363 	 0.111801
3.2567 	 0.114851
3.25977 	 0.117899
3.26284 	 0.120947
3.26591 	 0.123993
3.26898 	 0.127038
3.27204 	 0.130082
3.27511 	 0.133125
3.27818 	 0.136167
3.28125 	 0.139207
3.28432 	 0.142246
3.28739 	 0.145283
3.29046 	 0.148319
3.29353 	 0.151354
3.2966 	 0.154388
3.29967 	 0.15742
3.30274 	 0.16045
3.30581 	 0.163479
3.30888 	 0.166506
3.31195 	 0.169532
3.31502 	 0.172556
3.31809 	 0.175579
3.32116 	 0.1786
3.32423 	 0.181619
3.3273 	 0.184637
3.33036 	 0.187653
3.33343 	 0.190667
3.3365 	 0.193679
3.33957 	 0.196689
3.34264 	 0.199698
3.34571 	 0.202704
3.34878 	 0.205709
3.35185 	 0.208712
3.35492 	 0.211713
3.35799 	 0.214712
3.36106 	 0.217709
3.36413 	 0.220703
3.3672 	 0.223696
3.37027 	 0.226687
3.37334 	 0.229675
3.37641 	 0.232662
3.37948 	 0.235646
3.38255 	 0.238628
3.38561 	 0.241607
3.38868 	 0.244585
3.39175 	 0.24756
3.39482 	 0.250533
3.39789 	 0.253503
3.40096 	 0.256471
3.40403 	 0.259436
3.4071 	 0.2624
3.41017 	 0.26536
3.41324 	 0.268318
3.41631 	 0.271274
3.41938 	 0.274227
3.42245 	 0.277178
3.42552 	 0.280126
3.42859 	 0.283071
3.43166 	 0.286013
3.43473 	 0.288953
3.4378 	 0.29189
3.44087 	 0.294825
3.44393 	 0.297756
3.447 	 0.300685
3.45007 	 0.303611
3.45314 	 0.306534
3.45621 	 0.309455
3.45928 	 0.312372
3.46235 	 0.315286
3.46542 	 0.318198
3.46849 	 0.321106
3.47156 	 0.324012
3.47463 	 0.326914
3.4777 	 0.329813
3.48077 	 0.332709
3.48384 	 0.335602
3.48691 	 0.338492
3.48998 	 0.341379
3.49305 	 0.344262
3.49612 	 0.347142
3.49918 	 0.350019
3.50225 	 0.352893
3.50532 	 0.355763
3.50839 	 0.35863
3.51146 	 0.361494
3.51453 	 0.364354
3.5176 	 0.367211
3.52067 	 0.370064
3.52374 	 0.372914
3.52681 	 0.37576
3.52988 	 0.378603
3.53295 	 0.381442
3.53602 	 0.384278
3.53909 	 0.38711
3.54216 	 0.389938
3.54523 	 0.392763
3.5483 	 0.395584
3.55137 	 0.398401
3.55444 	 0.401214
3.5575 	 0.404024
3.56057 	 0.40683
3.56364 	 0.409632
3.56671 	 0.41243
3.56978 	 0.415224
3.57285 	 0.418015
3.57592 	 0.420801
3.57899 	 0.423584
3.58206 	 0.426362
3.58513 	 0.429137
3.5882 	 0.431907
3.59127 	 0.434673
3.59434 	 0.437436
3.59741 	 0.440194
3.60048 	 0.442948
3.60355 	 0.445698
3.60662 	 0.448443
3.60969 	 0.451185
3.61275 	 0.453922
3.61582 	 0.456655
3.61889 	 0.459383
3.62196 	 0.462107
3.62503 	 0.464827
3.6281 	 0.467543
3.63117 	 0.470254
3.63424 	 0.472961
3.63731 	 0.475663
3.64038 	 0.478361
3.64345 	 0.481054
3.64652 	 0.483742
3.64959 	 0.486427
3.65266 	 0.489106
3.65573 	 0.491781
3.6588 	 0.494451
3.66187 	 0.497117
3.66494 	 0.499778
3.66801 	 0.502434
3.67107 	 0.505086
3.67414 	 0.507733
3.67721 	 0.510375
3.68028 	 0.513012
3.68335 	 0.515644
3.68642 	 0.518272
3.68949 	 0.520894
3.69256 	 0.523512
3.69563 	 0.526125
3.6987 	 0.528732
3.70177 	 0.531335
3.70484 	 0.533933
3.70791 	 0.536526
3.71098 	 0.539114
3.71405 	 0.541696
3.71712 	 0.544274
3.72019 	 0.546846
3.72326 	 0.549414
3.72632 	 0.551976
3.72939 	 0.554533
3.73246 	 0.557084
3.73553 	 0.559631
3.7386 	 0.562172
3.74167 	 0.564708
3.74474 	 0.567238
3.74781 	 0.569763
3.75088 	 0.572283
3.75395 	 0.574798
3.75702 	 0.577307
3.76009 	 0.57981
3.76316 	 0.582308
3.76623 	 0.584801
3.7693 	 0.587288
3.77237 	 0.58977
3.77544 	 0.592246
3.77851 	 0.594716
3.78158 	 0.597181
3.78464 	 0.59964
3.78771 	 0.602094
3.79078 	 0.604542
3.79385 	 0.606984
3.79692 	 0.60942
3.79999 	 0.611851
3.80306 	 0.614276
3.80613 	 0.616695
3.8092 	 0.619109
3.81227 	 0.621516
3.81534 	 0.623918
3.81841 	 0.626314
3.82148 	 0.628703
3.82455 	 0.631087
3.82762 	 0.633465
3.83069 	 0.635838
3.83376 	 0.638204
3.83683 	 0.640564
3.83989 	 0.642918
3.84296 	 0.645266
3.84603 	 0.647608
3.8491 	 0.649943
3.85217 	 0.652273
3.85524 	 0.654597
3.85831 	 0.656914
3.86138 	 0.659225
3.86445 	 0.66153
3.86752 	 0.663829
3.87059 	 0.666121
3.87366 	 0.668407
3.87673 	 0.670687
3.8798 	 0.672961
3.88287 	 0.675228
3.88594 	 0.677489
3.88901 	 0.679744
3.89208 	 0.681992
3.89515 	 0.684233
3.89821 	 0.686468
3.90128 	 0.688697
3.90435 	 0.690919
3.90742 	 0.693135
3.91049 	 0.695344
3.91356 	 0.697547
3.91663 	 0.699743
3.9197 	 0.701933
3.92277 	 0.704116
3.92584 	 0.706292
3.92891 	 0.708461
3.93198 	 0.710624
3.93505 	 0.712781
3.93812 	 0.71493
3.94119 	 0.717073
3.94426 	 0.719209
3.94733 	 0.721338
3.9504 	 0.723461
3.95346 	 0.725576
3.95653 	 0.727685
3.9596 	 0.729787
3.96267 	 0.731882
3.96574 	 0.73397
3.96881 	 0.736051
3.97188 	 0.738126
3.97495 	 0.740193
3.97802 	 0.742254
3.98109 	 0.744307
3.98416 	 0.746353
3.98723 	 0.748393
3.9903 	 0.750425
3.99337 	 0.75245
3.99644 	 0.754468
3.99951 	 0.756479
4.00258 	 0.758483
4.00565 	 0.76048
4.00872 	 0.76247
4.01178 	 0.764452
4.01485 	 0.766427
4.01792 	 0.768395
4.02099 	 0.770356
4.02406 	 0.77231
4.02713 	 0.774256
4.0302 	 0.776195
4.03327 	 0.778126
4.03634 	 0.780051
4.03941 	 0.781968
4.04248 	 0.783877
4.04555 	 0.785779
4.04862 	 0.787674
4.05169 	 0.789561
4.05476 	 0.791441
4.05783 	 0.793314
4.0609 	 0.795179
4.06397 	 0.797036
4.06703 	 0.798886
4.0701 	 0.800729
4.07317 	 0.802564
4.07624 	 0.804391
4.07931 	 0.806211
4.08238 	 0.808023
4.08545 	 0.809827
4.08852 	 0.811624
4.09159 	 0.813414
4.09466 	 0.815195
4.09773 	 0.816969
4.1008 	 0.818735
4.10387 	 0.820494
4.10694 	 0.822245
4.11001 	 0.823988
4.11308 	 0.825723
4.11615 	 0.827451
4.11922 	 0.82917
4.12229 	 0.830882
4.12535 	 0.832586
4.12842 	 0.834283
4.13149 	 0.835971
4.13456 	 0.837651
4.13763 	 0.839324
4.1407 	 0.840989
4.14377 	 0.842646
4.14684 	 0.844294
4.14991 	 0.845935
4.15298 	 0.847568
4.15605 	 0.849193
4.15912 	 0.85081
4.16219 	 0.852419
4.16526 	 0.85402
4.16833 	 0.855613
4.1714 	 0.857197
4.17447 	 0.858774
4.17754 	 0.860343
4.1806 	 0.861903
4.18367 	 0.863456
4.18674 	 0.865
4.18981 	 0.866536
4.19288 	 0.868064
4.19595 	 0.869584
4.19902 	 0.871095
4.20209 	 0.872598
4.20516 	 0.874094
4.20823 	 0.87558
4.2113 	 0.877059
4.21437 	 0.878529
4.21744 	 0.879992
4.22051 	 0.881445
4.22358 	 0.882891
4.22665 	 0.884328
4.22972 	 0.885757
4.23279 	 0.887177
4.23586 	 0.88859
4.23892 	 0.889993
4.24199 	 0.891389
4.24506 	 0.892776
4.24813 	 0.894154
4.2512 	 0.895524
4.25427 	 0.896886
4.25734 	 0.898239
4.26041 	 0.899584
4.26348 	 0.900921
4.26655 	 0.902248
4.26962 	 0.903568
4.27269 	 0.904879
4.27576 	 0.906181
4.27883 	 0.907475
4.2819 	 0.90876
4.28497 	 0.910037
4.28804 	 0.911305
4.29111 	 0.912564
4.29418 	 0.913815
4.29724 	 0.915057
4.30031 	 0.916291
4.30338 	 0.917516
4.30645 	 0.918732
4.30952 	 0.91994
4.31259 	 0.921139
4.31566 	 0.92233
4.31873 	 0.923511
4.3218 	 0.924684
4.32487 	 0.925849
4.32794 	 0.927004
4.33101 	 0.928151
4.33408 	 0.929289
4.33715 	 0.930418
4.34022 	 0.931539
4.34329 	 0.932651
4.34636 	 0.933754
4.34943 	 0.934848
4.35249 	 0.935933
4.35556 	 0.93701
4.35863 	 0.938078
4.3617 	 0.939137
4.36477 	 0.940187
4.36784 	 0.941228
4.37091 	 0.94226
4.37398 	 0.943284
4.37705 	 0.944298
4.38012 	 0.945304
4.38319 	 0.946301
4.38626 	 0.947289
4.38933 	 0.948267
4.3924 	 0.949237
4.39547 	 0.950198
4.39854 	 0.951151
4.40161 	 0.952094
4.40468 	 0.953028
4.40775 	 0.953953
4.41081 	 0.954869
4.41388 	 0.955776
4.41695 	 0.956675
4.42002 	 0.957564
4.42309 	 0.958444
4.42616 	 0.959315
4.42923 	 0.960177
4.4323 	 0.96103
4.43537 	 0.961874
4.43844 	 0.962709
4.44151 	 0.963535
4.44458 	 0.964352
4.44765 	 0.96516
4.45072 	 0.965958
4.45379 	 0.966748
4.45686 	 0.967528
4.45993 	 0.968299
4.463 	 0.969061
4.46606 	 0.969815
4.46913 	 0.970558
4.4722 	 0.971293
4.47527 	 0.972019
4.47834 	 0.972735
4.48141 	 0.973442
4.48448 	 0.974141
4.48755 	 0.974829
4.49062 	 0.975509
4.49369 	 0.97618
4.49676 	 0.976841
4.49983 	 0.977493
4.5029 	 0.978136
4.50597 	 0.97877
4.50904 	 0.979394
4.51211 	 0.98001
4.51518 	 0.980616
4.51825 	 0.981213
4.52132 	 0.9818
4.52438 	 0.982378
4.52745 	 0.982947
4.53052 	 0.983507
4.53359 	 0.984058
4.53666 	 0.984599
4.53973 	 0.985131
4.5428 	 0.985654
4.54587 	 0.986167
4.54894 	 0.986671
4.55201 	 0.987166
4.55508 	 0.987652
4.55815 	 0.988128
4.56122 	 0.988595
4.56429 	 0.989052
4.56736 	 0.989501
4.57043 	 0.989939
4.5735 	 0.990369
4.57657 	 0.990789
4.57963 	 0.9912
4.5827 	 0.991602
4.58577 	 0.991994
4.58884 	 0.992377
4.59191 	 0.992751
4.59498 	 0.993115
4.59805 	 0.99347
4.60112 	 0.993815
4.60419 	 0.994151
4.60726 	 0.994478
4.61033 	 0.994796
4.6134 	 0.995104
4.61647 	 0.995402
4.61954 	 0.995692
4.62261 	 0.995972
4.62568 	 0.996242
4.62875 	 0.996503
4.63182 	 0.996755
4.63489 	 0.996997
4.63795 	 0.99723
4.64102 	 0.997454
4.64409 	 0.997668
4.64716 	 0.997873
4.65023 	 0.998068
4.6533 	 0.998254
4.65637 	 0.998431
4.65944 	 0.998598
4.66251 	 0.998756
4.66558 	 0.998904
4.66865 	 0.999043
4.67172 	 0.999172
4.67479 	 0.999292
4.67786 	 0.999403
4.68093 	 0.999504
4.684 	 0.999596
4.68707 	 0.999679
4.69014 	 0.999752
4.6932 	 0.999815
4.69627 	 0.999869
4.69934 	 0.999914
4.70241 	 0.999949
4.70548 	 0.999975
4.70855 	 0.999992
4.71162 	 0.999999
4.71469 	 0.999997
4.71776 	 0.999985
4.72083 	 0.999964
4.7239 	 0.999933
4.72697 	 0.999893
4.73004 	 0.999843
4.73311 	 0.999785
4.73618 	 0.999716
4.73925 	 0.999639
4.74232 	 0.999551
4.74539 	 0.999455
4.74846 	 0.999349
4.75152 	 0.999234
4.75459 	 0.999109
4.75766 	 0.998974
4.76073 	 0.998831
4.7638 	 0.998678
4.76687 	 0.998515
4.76994 	 0.998344
4.77301 	 0.998162
4.77608 	 0.997972
4.77915 	 0.997772
4.78222 	 0.997562
4.78529 	 0.997343
4.78836 	 0.997115
4.79143 	 0.996877
4.7945 	 0.99663
4.79757 	 0.996374
4.80064 	 0.996108
4.80371 	 0.995833
4.80677 	 0.995548
4.80984 	 0.995254
4.81291 	 0.994951
4.81598 	 0.994638
4.81905 	 0.994316
4.82212 	 0.993985
4.82519 	 0.993644
4.82826 	 0.993294
4.83133 	 0.992934
4.8344 	 0.992565
4.83747 	 0.992187
4.84054 	 0.991799
4.84361 	 0.991402
4.84668 	 0.990996
4.84975 	 0.99058
4.85282 	 0.990155
4.85589 	 0.989721
4.85896 	 0.989278
4.86203 	 0.988825
4.86509 	 0.988362
4.86816 	 0.987891
4.87123 	 0.98741
4.8743 	 0.98692
4.87737 	 0.98642
4.88044 	 0.985912
4.88351 	 0.985393
4.88658 	 0.984866
4.88965 	 0.98433
4.89272 	 0.983784
4.89579 	 0.983228
4.89886 	 0.982664
4.90193 	 0.98209
4.905 	 0.981507
4.90807 	 0.980915
4.91114 	 0.980314
4.91421 	 0.979703
4.91728 	 0.979083
4.92034 	 0.978454
4.92341 	 0.977816
4.92648 	 0.977168
4.92955 	 0.976512
4.93262 	 0.975846
4.93569 	 0.97517
4.93876 	 0.974486
4.94183 	 0.973793
4.9449 	 0.97309
4.94797 	 0.972378
4.95104 	 0.971657
4.95411 	 0.970927
4.95718 	 0.970188
4.96025 	 0.969439
4.96332 	 0.968682
4.96639 	 0.967915
4.96946 	 0.967139
4.97253 	 0.966354
4.9756 	 0.96556
4.97866 	 0.964757
4.98173 	 0.963945
4.9848 	 0.963123
4.98787 	 0.962293
4.99094 	 0.961453
4.99401 	 0.960605
4.99708 	 0.959747
5.00015 	 0.958881
5.00322 	 0.958005
5.00629 	 0.95712
5.00936 	 0.956227
5.01243 	 0.955324
5.0155 	 0.954412
5.01857 	 0.953492
5.02164 	 0.952562
5.02471 	 0.951623
5.02778 	 0.950676
5.03085 	 0.949719
5.03391 	 0.948754
5.03698 	 0.947779
5.04005 	 0.946796
5.04312 	 0.945803
5.04619 	 0.944802
5.04926 	 0.943792
5.05233 	 0.942773
5.0554 	 0.941745
5.05847 	 0.940708
5.06154 	 0.939663
5.06461 	 0.938608
5.06768 	 0.937545
5.07075 	 0.936473
5.07382 	 0.935392
5.07689 	 0.934302
5.07996 	 0.933203
5.08303 	 0.932096
5.0861 	 0.93098
5.08917 	 0.929855
5.09223 	 0.928721
5.0953 	 0.927579
5.09837 	 0.926427
5.10144 	 0.925268
5.10451 	 0.924099
5.10758 	 0.922922
5.11065 	 0.921736
5.11372 	 0.920541
5.11679 	 0.919337
5.11986 	 0.918125
5.12293 	 0.916905
5.126 	 0.915675
5.12907 	 0.914437
5.13214 	 0.913191
5.13521 	 0.911935
5.13828 	 0.910672
5.14135 	 0.909399
5.14442 	 0.908118
5.14748 	 0.906829
5.15055 	 0.905531
5.15362 	 0.904224
5.15669 	 0.902909
5.15976 	 0.901586
5.16283 	 0.900253
5.1659 	 0.898913
5.16897 	 0.897564
5.17204 	 0.896206
5.17511 	 0.89484
5.17818 	 0.893466
5.18125 	 0.892083
5.18432 	 0.890692
5.18739 	 0.889292
5.19046 	 0.887885
5.19353 	 0.886468
5.1966 	 0.885044
5.19967 	 0.88361
5.20274 	 0.882169
5.2058 	 0.880719
5.20887 	 0.879262
5.21194 	 0.877795
5.21501 	 0.876321
5.21808 	 0.874838
5.22115 	 0.873347
5.22422 	 0.871848
5.22729 	 0.87034
5.23036 	 0.868825
5.23343 	 0.867301
5.2365 	 0.865769
5.23957 	 0.864229
5.24264 	 0.86268
5.24571 	 0.861124
5.24878 	 0.859559
5.25185 	 0.857987
5.25492 	 0.856406
5.25799 	 0.854817
5.26106 	 0.85322
5.26412 	 0.851615
5.26719 	 0.850003
5.27026 	 0.848382
5.27333 	 0.846753
5.2764 	 0.845116
5.27947 	 0.843471
5.28254 	 0.841818
5.28561 	 0.840157
5.28868 	 0.838489
5.29175 	 0.836812
5.29482 	 0.835128
5.29789 	 0.833435
5.30096 	 0.831735
5.30403 	 0.830027
5.3071 	 0.828312
5.31017 	 0.826588
5.31324 	 0.824856
5.31631 	 0.823117
5.31937 	 0.82137
5.32244 	 0.819616
5.32551 	 0.817853
5.32858 	 0.816083
5.33165 	 0.814305
5.33472 	 0.81252
5.33779 	 0.810727
5.34086 	 0.808926
5.34393 	 0.807118
5.347 	 0.805302
5.35007 	 0.803478
5.35314 	 0.801647
5.35621 	 0.799808
5.35928 	 0.797962
5.36235 	 0.796108
5.36542 	 0.794247
5.36849 	 0.792378
5.37156 	 0.790502
5.37463 	 0.788619
5.37769 	 0.786728
5.38076 	 0.784829
5.38383 	 0.782923
5.3869 	 0.78101
5.38997 	 0.779089
5.39304 	 0.777161
5.39611 	 0.775226
5.39918 	 0.773284
5.40225 	 0.771334
5.40532 	 0.769377
5.40839 	 0.767412
5.41146 	 0.765441
5.41453 	 0.763462
5.4176 	 0.761476
5.42067 	 0.759483
5.42374 	 0.757482
5.42681 	 0.755475
5.42988 	 0.75346
5.43294 	 0.751439
5.43601 	 0.74941
5.43908 	 0.747374
5.44215 	 0.745331
5.44522 	 0.743281
5.44829 	 0.741224
5.45136 	 0.73916
5.45443 	 0.73709
5.4575 	 0.735012
5.46057 	 0.732927
5.46364 	 0.730835
5.46671 	 0.728737
5.46978 	 0.726632
5.47285 	 0.724519
5.47592 	 0.7224
5.47899 	 0.720274
5.48206 	 0.718142
5.48513 	 0.716002
5.4882 	 0.713856
5.49126 	 0.711703
5.49433 	 0.709544
5.4974 	 0.707377
5.50047 	 0.705205
5.50354 	 0.703025
5.50661 	 0.700839
5.50968 	 0.698646
5.51275 	 0.696447
5.51582 	 0.694241
5.51889 	 0.692028
5.52196 	 0.689809
5.52503 	 0.687584
5.5281 	 0.685352
5.53117 	 0.683113
5.53424 	 0.680868
5.53731 	 0.678617
5.54038 	 0.676359
5.54345 	 0.674095
5.54651 	 0.671825
5.54958 	 0.669548
5.55265 	 0.667265
5.55572 	 0.664976
5.55879 	 0.66268
5.56186 	 0.660378
5.56493 	 0.65807
5.568 	 0.655756
5.57107 	 0.653436
5.57414 	 0.651109
5.57721 	 0.648776
5.58028 	 0.646437
5.58335 	 0.644092
5.58642 	 0.641741
5.58949 	 0.639384
5.59256 	 0.637021
5.59563 	 0.634652
5.5987 	 0.632277
5.60177 	 0.629896
5.60483 	 0.627509
5.6079 	 0.625116
5.61097 	 0.622718
5.61404 	 0.620313
5.61711 	 0.617903
5.62018 	 0.615486
5.62325 	 0.613064
5.62632 	 0.610636
5.62939 	 0.608203
5.63246 	 0.605763
5.63553 	 0.603318
5.6386 	 0.600868
5.64167 	 0.598411
5.64474 	 0.595949
5.64781 	 0.593482
5.65088 	 0.591008
5.65395 	 0.58853
5.65702 	 0.586045
5.66008 	 0.583555
5.66315 	 0.58106
5.66622 	 0.578559
5.66929 	 0.576053
5.67236 	 0.573541
5.67543 	 0.571024
5.6785 	 0.568501
5.68157 	 0.565974
5.68464 	 0.56344
5.68771 	 0.560902
5.69078 	 0.558358
5.69385 	 0.555809
5.69692 	 0.553255
5.69999 	 0.550695
5.70306 	 0.548131
5.70613 	 0.545561
5.7092 	 0.542986
5.71227 	 0.540406
5.71534 	 0.53782
5.7184 	 0.53523
5.72147 	 0.532635
5.72454 	 0.530035
5.72761 	 0.527429
5.73068 	 0.524819
5.73375 	 0.522204
5.73682 	 0.519584
5.73989 	 0.516958
5.74296 	 0.514329
5.74603 	 0.511694
5.7491 	 0.509054
5.75217 	 0.50641
5.75524 	 0.503761
5.75831 	 0.501107
5.76138 	 0.498448
5.76445 	 0.495785
5.76752 	 0.493117
5.77059 	 0.490444
5.77365 	 0.487767
5.77672 	 0.485085
5.77979 	 0.482399
5.78286 	 0.479708
5.78593 	 0.477012
5.789 	 0.474312
5.79207 	 0.471608
5.79514 	 0.468899
5.79821 	 0.466186
5.80128 	 0.463468
5.80435 	 0.460746
5.80742 	 0.458019
5.81049 	 0.455289
5.81356 	 0.452554
5.81663 	 0.449814
5.8197 	 0.447071
5.82277 	 0.444323
5.82584 	 0.441571
5.82891 	 0.438815
5.83197 	 0.436055
5.83504 	 0.433291
5.83811 	 0.430522
5.84118 	 0.42775
5.84425 	 0.424973
5.84732 	 0.422193
5.85039 	 0.419408
5.85346 	 0.41662
5.85653 	 0.413828
5.8596 	 0.411031
5.86267 	 0.408231
5.86574 	 0.405427
5.86881 	 0.40262
5.87188 	 0.399808
5.87495 	 0.396993
5.87802 	 0.394174
5.88109 	 0.391351
5.88416 	 0.388524
5.88722 	 0.385694
5.89029 	 0.38286
5.89336 	 0.380023
5.89643 	 0.377182
5.8995 	 0.374337
5.90257 	 0.371489
5.90564 	 0.368638
5.90871 	 0.365783
5.91178 	 0.362924
5.91485 	 0.360063
5.91792 	 0.357197
5.92099 	 0.354329
5.92406 	 0.351457
5.92713 	 0.348581
5.9302 	 0.345703
5.93327 	 0.342821
5.93634 	 0.339936
5.93941 	 0.337048
5.94248 	 0.334156
5.94554 	 0.331262
5.94861 	 0.328364
5.95168 	 0.325463
5.95475 	 0.322559
5.95782 	 0.319652
5.96089 	 0.316742
5.96396 	 0.313829
5.96703 	 0.310914
5.9701 	 0.307995
5.97317 	 0.305073
5.97624 	 0.302149
5.97931 	 0.299221
5.98238 	 0.296291
5.98545 	 0.293358
5.98852 	 0.290422
5.99159 	 0.287484
5.99466 	 0.284542
5.99773 	 0.281598
6.00079 	 0.278652
6.00386 	 0.275703
6.00693 	 0.272751
6.01 	 0.269797
6.01307 	 0.26684
6.01614 	 0.26388
6.01921 	 0.260918
6.02228 	 0.257954
6.02535 	 0.254987
6.02842 	 0.252018
6.03149 	 0.249046
6.03456 	 0.246073
6.03763 	 0.243096
6.0407 	 0.240118
6.04377 	 0.237137
6.04684 	 0.234154
6.04991 	 0.231169
6.05298 	 0.228181
6.05605 	 0.225192
6.05911 	 0.2222
6.06218 	 0.219206
6.06525 	 0.216211
6.06832 	 0.213213
6.07139 	 0.210213
6.07446 	 0.207211
6.07753 	 0.204207
6.0806 	 0.201201
6.08367 	 0.198194
6.08674 	 0.195184
6.08981 	 0.192173
6.09288 	 0.18916
6.09595 	 0.186145
6.09902 	 0.183128
6.10209 	 0.18011
6.10516 	 0.17709
6.10823 	 0.174068
6.1113 	 0.171044
6.11436 	 0.168019
6.11743 	 0.164993
6.1205 	 0.161965
6.12357 	 0.158935
6.12664 	 0.155904
6.12971 	 0.152871
6.13278 	 0.149837
6.13585 	 0.146802
6.13892 	 0.143765
6.14199 	 0.140726
6.14506 	 0.137687
6.14813 	 0.134646
6.1512 	 0.131604
6.15427 	 0.12856
6.15734 	 0.125516
6.16041 	 0.12247
6.16348 	 0.119423
6.16655 	 0.116375
6.16962 	 0.113326
6.17268 	 0.110276
6.17575 	 0.107224
6.17882 	 0.104172
6.18189 	 0.101119
6.18496 	 0.0980648
6.18803 	 0.0950097
6.1911 	 0.0919537
6.19417 	 0.0888968
6.19724 	 0.0858391
6.20031 	 0.0827805
6.20338 	 0.0797212
6.20645 	 0.0766612
6.20952 	 0.0736004
6.21259 	 0.0705389
6.21566 	 0.0674768
6.21873 	 0.064414
6.2218 	 0.0613506
6.22487 	 0.0582866
6.22794 	 0.0552221
6.231 	 0.0521571
6.23407 	 0.0490916
6.23714 	 0.0460256
6.24021 	 0.0429592
6.24328 	 0.0398924
6.24635 	 0.0368252
6.24942 	 0.0337576
6.25249 	 0.0306898
6.25556 	 0.0276216
6.25863 	 0.0245532
6.2617 	 0.0214846
6.26477 	 0.0184157
6.26784 	 0.0153467
6.27091 	 0.0122775
6.27398 	 0.00920824
6.27705 	 0.00613888
6.28012 	 0.00306945
6.28319 	 2.87306e-08
